skybox,245,0,320,100,100,100,0,0,0 
plane,0,0,0,1000,1000,1000,0,0,0 
road_parent,0,0,0,0,0,0,0,0,0
straight_road_parent,0,0,0,0,0,0,0,0,0
sideways_road_parent,0,0,0,0,0,0,0,0,0
junction_parent,0,0,0,0,0,0,0,0,0
buildings_parent,0,0,0,0,0,0,0,0,0
static_car_parent,0,0,0,0,0,0,0,0,0
automotive_car_parent,0,0,0,0,0,0,0,0,0
traffic_light_parent,0,0,0,0,0,0,0,0,0
straight_traffic_light_parent,0,0,0,0,0,0,0,0,0
reverse_traffic_light_parent,0,0,0,0,0,0,0,0,0
left_traffic_light_parent,0,0,0,0,0,0,0,0,0
right_traffic_light_parent,0,0,0,0,0,0,0,0,0
path_parent,0,0,0,0,0,0,0,0,0
player_car,44.5,1.5,71,2,1,3,0,0,0
junction,-75,0.01,112.5,25,0.01,25,0,0,0
junction,-75,0.01,237.5,25,0.01,25,0,0,0
junction,-75,0.01,362.5,25,0.01,25,0,0,0
junction,-75,0.01,487.5,25,0.01,25,0,0,0
straight_road,-75,0.01,50,25,0.01,100,0,0,0
straight_road,-75,0.01,175,25,0.01,100,0,0,0
straight_road,-75,0.01,300,25,0.01,100,0,0,0
straight_road,-75,0.01,425,25,0.01,100,0,0,0
straight_road,-75,0.01,550,25,0.01,100,0,0,0
junction,-75,0.01,-12.5,25,0.01,25,0,0,0
junction,50,0.01,-12.5,25,0.01,25,0,0,0
junction,175,0.01,-12.5,25,0.01,25,0,0,0
junction,300,0.01,-12.5,25,0.01,25,0,0,0
junction,425,0.01,-12.5,25,0.01,25,0,0,0
junction,550,0.01,-12.5,25,0.01,25,0,0,0
sideways_road,-12.5,0.01,-12.5,25,0.01,100,0,90,0
sideways_road,112.5,0.01,-12.5,25,0.01,100,0,90,0
sideways_road,237.5,0.01,-12.5,25,0.01,100,0,90,0
sideways_road,362.5,0.01,-12.5,25,0.01,100,0,90,0
sideways_road,487.5,0.01,-12.5,25,0.01,100,0,90,0
junction,550,0.01,112.5,25,0.01,25,0,0,0
junction,550,0.01,237.5,25,0.01,25,0,0,0
junction,550,0.01,362.5,25,0.01,25,0,0,0
junction,550,0.01,487.5,25,0.01,25,0,0,0
straight_road,550,0.01,50,25,0.01,100,0,0,0
straight_road,550,0.01,175,25,0.01,100,0,0,0
straight_road,550,0.01,300,25,0.01,100,0,0,0
straight_road,550,0.01,425,25,0.01,100,0,0,0
straight_road,550,0.01,550,25,0.01,100,0,0,0
junction,-75,0.01,612.5,25,0.01,25,0,0,0
junction,50,0.01,612.5,25,0.01,25,0,0,0
junction,175,0.01,612.5,25,0.01,25,0,0,0
junction,300,0.01,612.5,25,0.01,25,0,0,0
junction,425,0.01,612.5,25,0.01,25,0,0,0
junction,550,0.01,612.5,25,0.01,25,0,0,0
sideways_road,-12.5,0.01,612.5,25,0.01,100,0,90,0
sideways_road,112.5,0.01,612.5,25,0.01,100,0,90,0
sideways_road,237.5,0.01,612.5,25,0.01,100,0,90,0
sideways_road,362.5,0.01,612.5,25,0.01,100,0,90,0
sideways_road,487.5,0.01,612.5,25,0.01,100,0,90,0
straight_road,50,0.01,50,25,0.01,100,0,0,0
straight_road,50,0.01,175,25,0.01,100,0,0,0
straight_road,50,0.01,300,25,0.01,100,0,0,0
straight_road,50,0.01,425,25,0.01,100,0,0,0
straight_road,50,0.01,550,25,0.01,100,0,0,0
sideways_road,-12.5,0.01,112.5,25,0.01,100,0,90,0
sideways_road,-12.5,0.01,362.5,25,0.01,100,0,90,0
sideways_road,-12.5,0.01,237.5,25,0.01,100,0,90,0
sideways_road,-12.5,0.01,487.5,25,0.01,100,0,90,0
sideways_road,112.5,0.01,112.5,25,0.01,100,0,90,0
sideways_road,112.5,0.01,237.5,25,0.01,100,0,90,0
sideways_road,112.5,0.01,362.5,25,0.01,100,0,90,0
sideways_road,112.5,0.01,487.5,25,0.01,100,0,90,0
straight_road,175,0.01,425,25,0.01,100,0,0,0
straight_road,175,0.01,300,25,0.01,100,0,0,0
straight_road,175,0.01,175,25,0.01,100,0,0,0
straight_road,175,0.01,50,25,0.01,100,0,0,0
junction,50,0.01,112.5,25,0.01,25,0,0,0
junction,50,0.01,237.5,25,0.01,25,0,0,0
junction,50,0.01,362.5,25,0.01,25,0,0,0
junction,50,0.01,487.5,25,0.01,25,0,0,0
junction,175,0.01,112.5,25,0.01,25,0,0,0
junction,175,0.01,237.5,25,0.01,25,0,0,0
junction,175,0.01,362.5,25,0.01,25,0,0,0
junction,175,0.01,487.5,25,0.01,25,0,0,0
straight_road,175,0.01,550,25,0.01,100,0,0,0
sideways_road,237.5,0.01,112.5,25,0.01,100,0,90,0
sideways_road,237.5,0.01,237.5,25,0.01,100,0,90,0
sideways_road,237.5,0.01,362.5,25,0.01,100,0,90,0
sideways_road,237.5,0.01,487.5,25,0.01,100,0,90,0
junction,300,0.01,487.5,25,0.01,25,0,0,0
junction,300,0.01,362.5,25,0.01,25,0,0,0
junction,300,0.01,237.5,25,0.01,25,0,0,0
junction,300,0.01,112.5,25,0.01,25,0,0,0
straight_road,300,0.01,550,25,0.01,100,0,0,0
straight_road,300,0.01,425,25,0.01,100,0,0,0
straight_road,300,0.01,300,25,0.01,100,0,0,0
straight_road,300,0.01,175,25,0.01,100,0,0,0
straight_road,300,0.01,50,25,0.01,100,0,0,0
sideways_road,362.5,0.01,112.5,25,0.01,100,0,90,0
sideways_road,362.5,0.01,237.5,25,0.01,100,0,90,0
sideways_road,362.5,0.01,362.5,25,0.01,100,0,90,0
sideways_road,362.5,0.01,487.5,25,0.01,100,0,90,0
junction,425,0.01,487.5,25,0.01,25,0,0,0
junction,425,0.01,362.5,25,0.01,25,0,0,0
junction,425,0.01,237.5,25,0.01,25,0,0,0
junction,425,0.01,112.5,25,0.01,25,0,0,0
straight_road,425,0.01,550,25,0.01,100,0,0,0
straight_road,425,0.01,425,25,0.01,100,0,0,0
straight_road,425,0.01,300,25,0.01,100,0,0,0
straight_road,425,0.01,175,25,0.01,100,0,0,0
straight_road,425,0.01,50,25,0.01,100,0,0,0
sideways_road,487.5,0.01,112.5,25,0.01,100,0,90,0
sideways_road,487.5,0.01,237.5,25,0.01,100,0,90,0
sideways_road,487.5,0.01,362.5,25,0.01,100,0,90,0
sideways_road,487.5,0.01,487.5,25,0.01,100,0,90,0
building,-12.5,40,50,80,80,80,0,0,0
building,-12.5,40,175,80,80,80,0,0,0
building,-12.5,40,300,80,80,80,0,0,0
building,-12.5,40,425,80,80,80,0,0,0
building,-12.5,40,550,80,80,80,0,0,0
building,112.5,40,50,80,80,80,0,0,0
building,112.5,40,175,80,80,80,0,0,0
building,112.5,40,300,80,80,80,0,0,0
building,112.5,40,425,80,80,80,0,0,0
building,112.5,40,550,80,80,80,0,0,0
building,237.5,40,50,80,80,80,0,0,0
building,237.5,40,175,80,80,80,0,0,0
building,237.5,40,300,80,80,80,0,0,0
building,237.5,40,425,80,80,80,0,0,0
building,237.5,40,550,80,80,80,0,0,0
building,362.5,40,50,80,80,80,0,0,0
building,362.5,40,175,80,80,80,0,0,0
building,362.5,40,300,80,80,80,0,0,0
building,362.5,40,425,80,80,80,0,0,0
building,362.5,40,550,80,80,80,0,0,0
building,487.5,40,50,80,80,80,0,0,0
building,487.5,40,175,80,80,80,0,0,0
building,487.5,40,300,80,80,80,0,0,0
building,487.5,40,425,80,80,80,0,0,0
building,487.5,40,550,80,80,80,0,0,0
traffic_light_straight,-92.5,6,95,1,6,1,0,0,0
traffic_light_straight,-92.5,6,220,1,6,1,0,0,0
traffic_light_straight,-92.5,6,345,1,6,1,0,0,0
traffic_light_straight,-92.5,6,470,1,6,1,0,0,0
traffic_light_straight,-92.5,6,595,1,6,1,0,0,0
traffic_light_straight,32.5,6,95,1,6,1,0,0,0
traffic_light_straight,32.5,6,220,1,6,1,0,0,0
traffic_light_straight,32.5,6,345,1,6,1,0,0,0
traffic_light_straight,32.5,6,470,1,6,1,0,0,0
traffic_light_straight,32.5,6,595,1,6,1,0,0,0
traffic_light_straight,157.5,6,95,1,6,1,0,0,0
traffic_light_straight,157.5,6,220,1,6,1,0,0,0
traffic_light_straight,157.5,6,345,1,6,1,0,0,0
traffic_light_straight,157.5,6,470,1,6,1,0,0,0
traffic_light_straight,157.5,6,595,1,6,1,0,0,0
traffic_light_straight,282.5,6,95,1,6,1,0,0,0
traffic_light_straight,282.5,6,220,1,6,1,0,0,0
traffic_light_straight,282.5,6,345,1,6,1,0,0,0
traffic_light_straight,282.5,6,470,1,6,1,0,0,0
traffic_light_straight,282.5,6,595,1,6,1,0,0,0
traffic_light_straight,282.5,6,95,1,6,1,0,0,0
traffic_light_straight,282.5,6,220,1,6,1,0,0,0
traffic_light_straight,282.5,6,345,1,6,1,0,0,0
traffic_light_straight,282.5,6,470,1,6,1,0,0,0
traffic_light_straight,282.5,6,595,1,6,1,0,0,0
traffic_light_straight,407.5,6,95,1,6,1,0,0,0
traffic_light_straight,407.5,6,220,1,6,1,0,0,0
traffic_light_straight,407.5,6,345,1,6,1,0,0,0
traffic_light_straight,407.5,6,470,1,6,1,0,0,0
traffic_light_straight,407.5,6,595,1,6,1,0,0,0
traffic_light_straight,532.5,6,95,1,6,1,0,0,0
traffic_light_straight,532.5,6,220,1,6,1,0,0,0
traffic_light_straight,532.5,6,345,1,6,1,0,0,0
traffic_light_straight,532.5,6,470,1,6,1,0,0,0
traffic_light_straight,532.5,6,595,1,6,1,0,0,0
traffic_light_left,35,6,5,1,6,1,0,90,0
traffic_light_left,160,6,5,1,6,1,0,90,0
traffic_light_left,285,6,5,1,6,1,0,90,0
traffic_light_left,410,6,5,1,6,1,0,90,0
traffic_light_left,535,6,5,1,6,1,0,90,0
traffic_light_left,535,6,130,1,6,1,0,90,0
traffic_light_left,535,6,255,1,6,1,0,90,0
traffic_light_left,535,6,380,1,6,1,0,90,0
traffic_light_left,535,6,505,1,6,1,0,90,0
traffic_light_left,535,6,630,1,6,1,0,90,0
traffic_light_left,410,6,630,1,6,1,0,90,0
traffic_light_left,285,6,630,1,6,1,0,90,0
traffic_light_left,160,6,630,1,6,1,0,90,0
traffic_light_left,35,6,630,1,6,1,0,90,0
traffic_light_left,535,6,630,1,6,1,0,90,0
traffic_light_left,35,6,130,1,6,1,0,90,0
traffic_light_left,35,6,255,1,6,1,0,90,0
traffic_light_left,35,6,380,1,6,1,0,90,0
traffic_light_left,35,6,505,1,6,1,0,90,0
traffic_light_left,160,6,130,1,6,1,0,90,0
traffic_light_left,160,6,255,1,6,1,0,90,0
traffic_light_left,160,6,380,1,6,1,0,90,0
traffic_light_left,160,6,505,1,6,1,0,90,0
traffic_light_left,285,6,130,1,6,1,0,90,0
traffic_light_left,285,6,255,1,6,1,0,90,0
traffic_light_left,285,6,380,1,6,1,0,90,0
traffic_light_left,285,6,505,1,6,1,0,90,0
traffic_light_left,410,6,130,1,6,1,0,90,0
traffic_light_left,410,6,255,1,6,1,0,90,0
traffic_light_left,410,6,380,1,6,1,0,90,0
traffic_light_left,410,6,505,1,6,1,0,90,0
traffic_light_reverse,68,6,5,1,6,1,0,180,0
traffic_light_reverse,193,6,5,1,6,1,0,180,0
traffic_light_reverse,318,6,5,1,6,1,0,180,0
traffic_light_reverse,443,6,5,1,6,1,0,180,0
traffic_light_reverse,568,6,5,1,6,1,0,180,0
traffic_light_reverse,568,6,130,1,6,1,0,180,0
traffic_light_reverse,568,6,255,1,6,1,0,180,0
traffic_light_reverse,568,6,380,1,6,1,0,180,0
traffic_light_reverse,568,6,505,1,6,1,0,180,0
traffic_light_reverse,-57,6,5,1,6,1,0,180,0
traffic_light_reverse,-57,6,130,1,6,1,0,180,0
traffic_light_reverse,-57,6,255,1,6,1,0,180,0
traffic_light_reverse,-57,6,380,1,6,1,0,180,0
traffic_light_reverse,-57,6,505,1,6,1,0,180,0
traffic_light_reverse,68,6,130,1,6,1,0,180,0
traffic_light_reverse,68,6,255,1,6,1,0,180,0
traffic_light_reverse,68,6,380,1,6,1,0,180,0
traffic_light_reverse,68,6,505,1,6,1,0,180,0
traffic_light_reverse,193,6,130,1,6,1,0,180,0
traffic_light_reverse,193,6,255,1,6,1,0,180,0
traffic_light_reverse,193,6,380,1,6,1,0,180,0
traffic_light_reverse,193,6,505,1,6,1,0,180,0
traffic_light_reverse,318,6,130,1,6,1,0,180,0
traffic_light_reverse,318,6,255,1,6,1,0,180,0
traffic_light_reverse,318,6,380,1,6,1,0,180,0
traffic_light_reverse,318,6,505,1,6,1,0,180,0
traffic_light_reverse,443,6,130,1,6,1,0,180,0
traffic_light_reverse,443,6,255,1,6,1,0,180,0
traffic_light_reverse,443,6,380,1,6,1,0,180,0
traffic_light_reverse,443,6,505,1,6,1,0,180,0
traffic_light_right,-57,6,-30,1,6,1,0,270,0
traffic_light_right,68,6,-30,1,6,1,0,270,0
traffic_light_right,193,6,-30,1,6,1,0,270,0
traffic_light_right,318,6,-30,1,6,1,0,270,0
traffic_light_right,443,6,-30,1,6,1,0,270,0
traffic_light_right,-57,6,95,1,6,1,0,270,0
traffic_light_right,-57,6,220,1,6,1,0,270,0
traffic_light_right,-57,6,345,1,6,1,0,270,0
traffic_light_right,-57,6,470,1,6,1,0,270,0
traffic_light_right,-57,6,595,1,6,1,0,270,0
traffic_light_right,68,6,95,1,6,1,0,270,0
traffic_light_right,68,6,220,1,6,1,0,270,0
traffic_light_right,68,6,345,1,6,1,0,270,0
traffic_light_right,68,6,470,1,6,1,0,270,0
traffic_light_right,193,6,95,1,6,1,0,270,0
traffic_light_right,193,6,220,1,6,1,0,270,0
traffic_light_right,193,6,345,1,6,1,0,270,0
traffic_light_right,193,6,470,1,6,1,0,270,0
traffic_light_right,318,6,95,1,6,1,0,270,0
traffic_light_right,318,6,220,1,6,1,0,270,0
traffic_light_right,318,6,345,1,6,1,0,270,0
traffic_light_right,318,6,470,1,6,1,0,270,0
traffic_light_right,443,6,95,1,6,1,0,270,0
traffic_light_right,443,6,220,1,6,1,0,270,0
traffic_light_right,443,6,345,1,6,1,0,270,0
traffic_light_right,443,6,470,1,6,1,0,270,0
traffic_light_right,443,6,595,1,6,1,0,270,0
traffic_light_right,318,6,595,1,6,1,0,270,0
traffic_light_right,193,6,595,1,6,1,0,270,0
traffic_light_right,68,6,595,1,6,1,0,270,0
traffic_light_right,-57,6,595,1,6,1,0,270,0
path,44.5,1.5,50,0,0,0,0,0,0
path,44.5,1.5,224.5,0,0,0,0,0,0
path,37.5,1.5,231.5,0,0,0,0,0,0
path,-62.5,1.5,231.5,0,0,0,0,0,0
path,-80.5,1.5,249.5,0,0,0,0,0,0
path,-80.5,1.5,474.5,0,0,0,0,0,0
path,-62.5,1.5,492.5,0,0,0,0,0,0
path,162.5,1.5,492.5,0,0,0,0,0,0
path,180.5,1.5,474.5,0,0,0,0,0,0
path,180.5,1.5,374.5,0,0,0,0,0,0
path,187.5,1.5,367.5,0,0,0,0,0,0
path,287.5,1.5,367.5,0,0,0,0,0,0
path,305.5,1.5,349.5,0,0,0,0,0,0
path,305.5,1.5,249.5,0,0,0,0,0,0
path,287.5,1.5,231.5,0,0,0,0,0,0
path,187.5,1.5,231.5,0,0,0,0,0,0
path,180.5,1.5,224.5,0,0,0,0,0,0
path,180.5,1.5,-0.5,0,0,0,0,0,0
path,187.5,1.5,-7.5,0,0,0,0,0,0
path,412.5,1.5,-7.5,0,0,0,0,0,0
path,419.5,1.5,-0.5,0,0,0,0,0,0
path,419.5,1.5,99.5,0,0,0,0,0,0
path,437.5,1.5,117.5,0,0,0,0,0,0
path,537.5,1.5,117.5,0,0,0,0,0,0
path,544.5,1.5,124.5,0,0,0,0,0,0
path,544.5,1.5,349.5,0,0,0,0,0,0
path,537.5,1.5,356.5,0,0,0,0,0,0
path,437.5,1.5,356.5,0,0,0,0,0,0
path,430.5,1.5,349.5,0,0,0,0,0,0
path,430.5,1.5,249.5,0,0,0,0,0,0
path,412.5,1.5,231.5,0,0,0,0,0,0
path,62.5,1.5,231.5,0,0,0,0,0,0
path,55.5,1.5,224.5,0,0,0,0,0,0
path,55.5,1.5,-0.5,0,0,0,0,0,0
path,62.5,1.5,-7.5,0,0,0,0,0,0
path,162.5,1.5,-7.5,0,0,0,0,0,0
path,169.5,1.5,-0.5,0,0,0,0,0,0
path,169.5,1.5,349.5,0,0,0,0,0,0
path,162.5,1.5,356.5,0,0,0,0,0,0
path,-62.5,1.5,356.5,0,0,0,0,0,0
path,-80.5,1.5,374.5,0,0,0,0,0,0
path,-80.5,1.5,599.5,0,0,0,0,0,0
path,-62.5,1.5,617.5,0,0,0,0,0,0
path,37.5,1.5,617.5,0,0,0,0,0,0
path,55.5,1.5,599.5,0,0,0,0,0,0
path,55.5,1.5,499.5,0,0,0,0,0,0
path,62.5,1.5,492.5,0,0,0,0,0,0
path,162.5,1.5,492.5,0,0,0,0,0,0
path,169.5,1.5,499.5,0,0,0,0,0,0
path,169.5,1.5,599.5,0,0,0,0,0,0
path,187.5,1.5,617.5,0,0,0,0,0,0
path,412.5,1.5,617.5,0,0,0,0,0,0
path,430.5,1.5,599.5,0,0,0,0,0,0
path,430.5,1.5,474.5,0,0,0,0,0,0
path,437.5,1.5,492.5,0,0,0,0,0,0
path,537.5,1.5,492.5,0,0,0,0,0,0
path,544.5,1.5,499.5,0,0,0,0,0,0
path,544.5,1.5,599.5,0,0,0,0,0,0
path,537.5,1.5,606.5,0,0,0,0,0,0
path,312.5,1.5,606.5,0,0,0,0,0,0
path,305.5,1.5,599.5,0,0,0,0,0,0
path,305.5,1.5,374.5,0,0,0,0,0,0
path,312.5,1.5,367.5,0,0,0,0,0,0
path,537.5,1.5,367.5,0,0,0,0,0,0
path,555.5,1.5,349.5,0,0,0,0,0,0
path,555.5,1.5,124.5,0,0,0,0,0,0
path,537.5,1.5,106.5,0,0,0,0,0,0
path,187.5,1.5,106.5,0,0,0,0,0,0
path,180.5,1.5,99.5,0,0,0,0,0,0
path,180.5,1.5,-0.5,0,0,0,0,0,0
path,162.5,1.5,-18.5,0,0,0,0,0,0
path,55.5,1.5,-18.5,0,0,0,0,0,0
path,44.5,1.5,-0.5,0,0,0,0,0,0
path,44.5,1.5,50,0,0,0,0,0,0
automotive_car,44.5,1.5,50,2,1,3,0,0,0,0
automotive_car,44.5,1.5,189.5,2,1,3,0,0,0,2
automotive_car,37.5,1.5,231.5,2,1,3,0,0,0,3
automotive_car,-80.5,1.5,440.5,2,1,3,0,0,0,6
automotive_car,136.5,1.5,492.5,2,1,3,0,0,0,8
automotive_car,187.5,1.5,367.5,2,1,3,0,0,0,11
automotive_car,258.5,1.5,367.5,2,1,3,0,0,0,12
automotive_car,214.5,1.5,231.5,2,1,3,0,0,0,16
automotive_car,419.5,1.5,-0.5,2,1,3,0,0,0,21
automotive_car,437.5,1.5,117.5,2,1,3,0,0,0,23
automotive_car,62.5,1.5,-7.5,2,1,3,0,0,0,35
automotive_car,169.5,1.5,306.0,2,1,3,0,0,0,38
automotive_car,-25.0,1.5,356.5,2,1,3,0,0,0,40
automotive_car,-80.5,1.5,374.5,2,1,3,0,0,0,41
automotive_car,109.0,1.5,492.5,2,1,3,0,0,0,48
automotive_car,169.5,1.5,565.5,2,1,3,0,0,0,50
automotive_car,305.5,1.5,405.0,2,1,3,0,0,0,62
automotive_car,537.5,1.5,106.5,2,1,3,0,0,0,67
automotive_car,217.5,1.5,106.5,2,1,3,0,0,0,68
automotive_car,93.0,1.5,-18.5,2,1,3,0,0,0,72