skybox,245,0,320,100,100,100,0,0,0 
plane,0,0,0,1000,1000,1000,0,0,0 
road_parent,0,0,0,0,0,0,0,0,0
straight_road_parent,0,0,0,0,0,0,0,0,0
buildings_parent,0,0,0,0,0,0,0,0,0
static_car_parent,0,0,0,0,0,0,0,0,0
player_car,45,1.5,5,2,1,3,0,0,0
static_car,39,1,6,2,1,3,0,0,0
static_car,39,1,10.5,2,1,3,0,0,0
static_car,39,1,15,2,1,3,0,0,0
static_car,39,1,19.5,2,1,3,0,0,0
static_car,39,1,28.5,2,1,3,0,0,0
static_car,39,1,33,2,1,3,0,0,0
static_car,39,1,42,2,1,3,0,0,0
static_car,39,1,46.5,2,1,3,0,0,0
static_car,39,1,55.5,2,1,3,0,0,0
static_car,39,1,60,2,1,3,0,0,0
static_car,39,1,64.5,2,1,3,0,0,0
static_car,39,1,69,2,1,3,0,0,0
static_car,39,1,78,2,1,3,0,0,0
static_car,39,1,82.5,2,1,3,0,0,0
static_car,39,1,87,2,1,3,0,0,0
static_car,39,1,91.5,2,1,3,0,0,0
static_car,39,1,96,2,1,3,0,0,0
static_car,61,1,6,2,1,3,0,0,0
static_car,61,1,15,2,1,3,0,0,0
static_car,61,1,19.5,2,1,3,0,0,0
static_car,61,1,24,2,1,3,0,0,0
static_car,61,1,28.5,2,1,3,0,0,0
static_car,61,1,33,2,1,3,0,0,0
static_car,61,1,37.5,2,1,3,0,0,0
static_car,61,1,42,2,1,3,0,0,0
static_car,61,1,46.5,2,1,3,0,0,0
static_car,61,1,51,2,1,3,0,0,0
static_car,61,1,55.5,2,1,3,0,0,0
static_car,61,1,60,2,1,3,0,0,0
static_car,61,1,78,2,1,3,0,0,0
static_car,61,1,82.5,2,1,3,0,0,0
static_car,61,1,87,2,1,3,0,0,0
static_car,61,1,96,2,1,3,0,0,0
straight_road,50,0.01,50,25,0.01,100,0,0,0
building,-12.5,40,50,80,80,100,0,0,0
building,112.5,40,50,80,80,100,0,0,0
building,50,40,-40,80,80,80,0,0,0
building,50,40,140,80,80,80,0,0,0