skybox,245,0,320,100,100,100,0,0,0 
plane,0,0,0,1000,1000,1000,0,0,0 
road_parent,0,0,0,0,0,0,0,0,0
straight_road_parent,0,0,0,0,0,0,0,0,0
sideways_road_parent,0,0,0,0,0,0,0,0,0
junction_parent,0,0,0,0,0,0,0,0,0
buildings_parent,0,0,0,0,0,0,0,0,0
automotive_car_parent,0,0,0,0,0,0,0,0,0
path_parent,0,0,0,0,0,0,0,0,0
player_car,44,1.5,4.16,2,1,3,0,0,0
junction,-75,0.01,112.5,25,0.01,25,0,0,0
junction,175,0.01,112.5,25,0.01,25,0,0,0
junction,-75,0.01,237.5,25,0.01,25,0,0,0
junction,-75,0.01,362.5,25,0.01,25,0,0,0
junction,-75,0.01,487.5,25,0.01,25,0,0,0
straight_road,-75,0.01,50,25,0.01,100,0,0,0
junction,-75,0.01,-12.5,25,0.01,25,0,0,0
junction,50,0.01,-12.5,25,0.01,25,0,0,0
junction,175,0.01,-12.5,25,0.01,25,0,0,0
junction,300,0.01,-12.5,25,0.01,25,0,0,0
junction,425,0.01,-12.5,25,0.01,25,0,0,0
junction,550,0.01,-12.5,25,0.01,25,0,0,0
sideways_road,-12.5,0.01,-12.5,25,0.01,100,0,90,0
sideways_road,112.5,0.01,-12.5,25,0.01,100,0,90,0
junction,-75,0.01,612.5,25,0.01,25,0,0,0
junction,50,0.01,612.5,25,0.01,25,0,0,0
straight_road,50,0.01,50,25,0.01,100,0,0,0
straight_road,175,0.01,50,25,0.01,100,0,0,0
sideways_road,-12.5,0.01,112.5,25,0.01,100,0,90,0
sideways_road,112.5,0.01,112.5,25,0.01,100,0,90,0
junction,50,0.01,112.5,25,0.01,25,0,0,0
junction,50,0.01,237.5,25,0.01,25,0,0,0
junction,50,0.01,362.5,25,0.01,25,0,0,0
junction,50,0.01,487.5,25,0.01,25,0,0,0
building,-12.5,40,50,100,100,100,0,0,0
building,112.5,40,50,100,100,100,0,0,0
path,-62.52,1.0,-6.2,2,1,3,0,0,0
path,163.79,1.05,-6.2,2,1,3,0,0,0
path,168.88,1,-0.97,2,1,3,0,0,0
path,168.88,1,99.53,2,1,3,0,0,0
path,163.55,1,104.80,2,1,3,0,0,0
path,-63.98,1,104.8,2,1,3,0,0,0
path,-69.39,1,101.93,2,1,3,0,0,0
path,-69.39,1,0.217,2,1,3,0,0,0
automotive_car,-62.52,1,-6.21,2,1,3,0,0,0,1
automotive_car,-45.62,1,-6.21,2,1,3,0,0,0,1
automotive_car,-28.41,1,-6.21,2,1,3,0,0,0,1
automotive_car,34.41,1,-6.21,2,1,3,0,0,0,1
automotive_car,54.62,1,-6.21,2,1,3,0,0,0,1
automotive_car,132.19,1,-6.21,2,1,3,0,0,0,1
automotive_car,149.31,1,-6.21,2,1,3,0,0,0,1
automotive_car,168.88,1,8.31,2,1,3,0,0,0,3
automotive_car,168.88,1,23.59,2,1,3,0,0,0,3
automotive_car,168.88,1,64.94,2,1,3,0,0,0,3
automotive_car,168.88,1,85.98,2,1,3,0,0,0,3
automotive_car,141.42,1,104.8,2,1,3,0,0,0,5
automotive_car,126.63,1,104.8,2,1,3,0,0,0,5
automotive_car,110.58,1,104.8,2,1,3,0,0,0,5
automotive_car,88.75,1,104.8,2,1,3,0,0,0,5
automotive_car,69.87,1,104.8,2,1,3,0,0,0,5
automotive_car,-5.86,1,104.8,2,1,3,0,0,0,5
automotive_car,-25.29,1,104.8,2,1,3,0,0,0,5
automotive_car,-48.51,1,104.8,2,1,3,0,0,0,5
automotive_car,-69.39,1,60.04,2,1,3,0,0,0,7